==============================================================================
Denoising-spectra + calibration sweep -- aggregate
==============================================================================
inputs: 118 parquets, 112480 rows (per-step trajectory)
families: ['hidden_HO_T8', 'nohidden_HO_T12', 'nohidden_HO_T16', 'nohidden_HO_T20', 'nohidden_HO_T20_arcFT', 'nohidden_HO_T20_mixFT', 'nohidden_HO_T8', 'nohidden_plain_T12', 'nohidden_plain_T16', 'nohidden_plain_T20', 'nohidden_plain_T8']
FN grid (19): [np.float64(0.0), np.float64(0.05), np.float64(0.1), np.float64(0.15), np.float64(0.2), np.float64(0.25), np.float64(0.3), np.float64(0.35), np.float64(0.4), np.float64(0.45), np.float64(0.5), np.float64(0.55), np.float64(0.6), np.float64(0.65), np.float64(0.7), np.float64(0.75), np.float64(0.8), np.float64(0.85), np.float64(0.9)]
FP grid: [np.float64(0.01), np.float64(0.02), np.float64(0.05), np.float64(0.1)]
splits per family: {'hidden_HO_T8': 10, 'nohidden_HO_T12': 10, 'nohidden_HO_T16': 10, 'nohidden_HO_T20': 10, 'nohidden_HO_T20_arcFT': 8, 'nohidden_HO_T20_mixFT': 10, 'nohidden_HO_T8': 10, 'nohidden_plain_T12': 10, 'nohidden_plain_T16': 10, 'nohidden_plain_T20': 10, 'nohidden_plain_T8': 10}
final step per family (T): {'hidden_HO_T8': 8, 'nohidden_HO_T12': 12, 'nohidden_HO_T16': 16, 'nohidden_HO_T20': 20, 'nohidden_HO_T20_arcFT': 20, 'nohidden_HO_T20_mixFT': 20, 'nohidden_HO_T8': 8, 'nohidden_plain_T12': 12, 'nohidden_plain_T16': 16, 'nohidden_plain_T20': 20, 'nohidden_plain_T8': 8}
(headline tables below are at each family's FINAL step)

=== MCC vs FN at FP=0.01 (final-step mean across splits; higher = better) ===
family                        0.00    0.05    0.10    0.15    0.20    0.25    0.30    0.35    0.40    0.45    0.50    0.55    0.60    0.65    0.70    0.75    0.80    0.85    0.90
----------------------------------------------------------------------------------------------------------------------------------------------------------------------------------
hidden_HO_T8                0.9759  0.9440  0.9147  0.8903  0.8711  0.8550  0.8396  0.8241  0.8085  0.7930  0.7777  0.7628  0.7478  0.7331  0.7182  0.7033  0.6873  0.6684  0.6374
nohidden_HO_T12             0.9727  0.9412  0.9106  0.8830  0.8612  0.8455  0.8323  0.8189  0.8047  0.7903  0.7757  0.7611  0.7465  0.7319  0.7169  0.7019  0.6860  0.6674  0.6369
nohidden_HO_T16             0.9732  0.9415  0.9122  0.8875  0.8681  0.8521  0.8371  0.8224  0.8075  0.7928  0.7779  0.7631  0.7482  0.7332  0.7178  0.7024  0.6862  0.6680  0.6390
nohidden_HO_T20             0.9709  0.9392  0.9115  0.8900  0.8719  0.8552  0.8391  0.8236  0.8082  0.7932  0.7782  0.7635  0.7486  0.7336  0.7182  0.7027  0.6863  0.6681  0.6404
nohidden_HO_T20_arcFT       0.9717  0.9340  0.8968  0.8677  0.8484  0.8361  0.8258  0.8151  0.8030  0.7903  0.7771  0.7640  0.7501  0.7353  0.7195  0.7023  0.6833  0.6594  0.6158
nohidden_HO_T20_mixFT       0.9790  0.9454  0.9151  0.8927  0.8753  0.8595  0.8443  0.8295  0.8148  0.8005  0.7864  0.7725  0.7585  0.7445  0.7301  0.7158  0.7006  0.6838  0.6580
nohidden_HO_T8              0.9748  0.9430  0.9123  0.8843  0.8610  0.8430  0.8289  0.8162  0.8022  0.7878  0.7731  0.7584  0.7435  0.7290  0.7144  0.7000  0.6844  0.6653  0.6328
nohidden_plain_T12          0.9496  0.9260  0.9035  0.8823  0.8622  0.8434  0.8258  0.8090  0.7929  0.7775  0.7625  0.7480  0.7338  0.7201  0.7063  0.6924  0.6774  0.6588  0.6266
nohidden_plain_T16          0.9546  0.9305  0.9076  0.8864  0.8666  0.8483  0.8310  0.8144  0.7982  0.7825  0.7670  0.7520  0.7371  0.7226  0.7079  0.6932  0.6779  0.6599  0.6306
nohidden_plain_T20          0.9588  0.9331  0.9092  0.8877  0.8677  0.8491  0.8316  0.8150  0.7987  0.7830  0.7675  0.7525  0.7376  0.7230  0.7081  0.6935  0.6781  0.6605  0.6322
nohidden_plain_T8           0.9596  0.9335  0.9091  0.8868  0.8659  0.8465  0.8282  0.8109  0.7942  0.7784  0.7634  0.7492  0.7353  0.7221  0.7087  0.6950  0.6791  0.6575  0.6197

=== F1 vs FN at FP=0.01 (final-step mean across splits; higher = better) ===
family                        0.00    0.05    0.10    0.15    0.20    0.25    0.30    0.35    0.40    0.45    0.50    0.55    0.60    0.65    0.70    0.75    0.80    0.85    0.90
----------------------------------------------------------------------------------------------------------------------------------------------------------------------------------
hidden_HO_T8                0.9821  0.9581  0.9354  0.9164  0.9018  0.8899  0.8786  0.8673  0.8557  0.8443  0.8329  0.8217  0.8105  0.7994  0.7882  0.7769  0.7645  0.7489  0.7186
nohidden_HO_T12             0.9797  0.9560  0.9322  0.9105  0.8936  0.8821  0.8728  0.8632  0.8527  0.8420  0.8310  0.8201  0.8090  0.7979  0.7866  0.7751  0.7626  0.7469  0.7165
nohidden_HO_T16             0.9802  0.9564  0.9337  0.9146  0.9001  0.8884  0.8773  0.8665  0.8553  0.8442  0.8330  0.8218  0.8104  0.7991  0.7875  0.7757  0.7633  0.7481  0.7191
nohidden_HO_T20             0.9787  0.9549  0.9338  0.9177  0.9043  0.8917  0.8796  0.8678  0.8563  0.8449  0.8336  0.8225  0.8111  0.7998  0.7881  0.7764  0.7638  0.7490  0.7215
nohidden_HO_T20_arcFT       0.9788  0.9505  0.9222  0.9000  0.8852  0.8759  0.8681  0.8598  0.8505  0.8408  0.8309  0.8209  0.8101  0.7988  0.7864  0.7728  0.7576  0.7373  0.6941
nohidden_HO_T20_mixFT       0.9843  0.9591  0.9358  0.9188  0.9059  0.8940  0.8825  0.8713  0.8602  0.8495  0.8389  0.8285  0.8179  0.8073  0.7964  0.7854  0.7737  0.7602  0.7349
nohidden_HO_T8              0.9812  0.9573  0.9335  0.9113  0.8930  0.8794  0.8694  0.8604  0.8504  0.8398  0.8289  0.8178  0.8066  0.7956  0.7845  0.7733  0.7609  0.7444  0.7115
nohidden_plain_T12          0.9624  0.9447  0.9275  0.9111  0.8954  0.8806  0.8668  0.8536  0.8412  0.8293  0.8179  0.8068  0.7961  0.7858  0.7753  0.7646  0.7527  0.7366  0.7042
nohidden_plain_T16          0.9661  0.9481  0.9306  0.9142  0.8989  0.8846  0.8712  0.8584  0.8459  0.8338  0.8219  0.8103  0.7989  0.7879  0.7766  0.7653  0.7533  0.7380  0.7086
nohidden_plain_T20          0.9693  0.9500  0.9318  0.9153  0.9000  0.8857  0.8721  0.8592  0.8466  0.8344  0.8225  0.8109  0.7994  0.7883  0.7770  0.7658  0.7539  0.7393  0.7102
nohidden_plain_T8           0.9701  0.9506  0.9321  0.9149  0.8988  0.8838  0.8697  0.8564  0.8437  0.8317  0.8204  0.8097  0.7992  0.7891  0.7787  0.7674  0.7537  0.7335  0.6949

=== ECE vs FN at FP=0.01 (final-step mean across splits; lower = better) ===
family                        0.00    0.05    0.10    0.15    0.20    0.25    0.30    0.35    0.40    0.45    0.50    0.55    0.60    0.65    0.70    0.75    0.80    0.85    0.90
----------------------------------------------------------------------------------------------------------------------------------------------------------------------------------
hidden_HO_T8                0.0067  0.0119  0.0180  0.0213  0.0222  0.0222  0.0227  0.0238  0.0254  0.0270  0.0286  0.0301  0.0318  0.0336  0.0354  0.0372  0.0390  0.0408  0.0458
nohidden_HO_T12             0.0081  0.0120  0.0192  0.0246  0.0265  0.0254  0.0239  0.0235  0.0242  0.0252  0.0265  0.0279  0.0295  0.0313  0.0332  0.0352  0.0373  0.0395  0.0459
nohidden_HO_T16             0.0079  0.0132  0.0198  0.0233  0.0241  0.0238  0.0239  0.0244  0.0252  0.0260  0.0271  0.0282  0.0297  0.0315  0.0335  0.0357  0.0381  0.0407  0.0469
nohidden_HO_T20             0.0100  0.0161  0.0207  0.0223  0.0231  0.0240  0.0249  0.0258  0.0267  0.0276  0.0287  0.0298  0.0311  0.0327  0.0346  0.0367  0.0392  0.0416  0.0467
nohidden_HO_T20_arcFT       0.0115  0.0221  0.0320  0.0363  0.0358  0.0328  0.0304  0.0290  0.0285  0.0284  0.0286  0.0289  0.0296  0.0305  0.0319  0.0339  0.0368  0.0413  0.0537
nohidden_HO_T20_mixFT       0.0070  0.0153  0.0220  0.0231  0.0224  0.0219  0.0219  0.0219  0.0221  0.0224  0.0228  0.0233  0.0239  0.0247  0.0257  0.0268  0.0285  0.0302  0.0353
nohidden_HO_T8              0.0085  0.0121  0.0186  0.0236  0.0258  0.0254  0.0238  0.0226  0.0231  0.0245  0.0262  0.0279  0.0296  0.0314  0.0331  0.0346  0.0362  0.0381  0.0452
nohidden_plain_T12          0.0097  0.0057  0.0061  0.0090  0.0125  0.0155  0.0179  0.0200  0.0216  0.0231  0.0245  0.0261  0.0278  0.0295  0.0314  0.0336  0.0361  0.0398  0.0499
nohidden_plain_T16          0.0086  0.0046  0.0061  0.0092  0.0121  0.0143  0.0160  0.0176  0.0190  0.0204  0.0219  0.0235  0.0252  0.0272  0.0294  0.0319  0.0348  0.0388  0.0482
nohidden_plain_T20          0.0071  0.0043  0.0068  0.0097  0.0123  0.0144  0.0163  0.0178  0.0193  0.0207  0.0222  0.0239  0.0257  0.0277  0.0301  0.0326  0.0355  0.0393  0.0486
nohidden_plain_T8           0.0111  0.0069  0.0073  0.0099  0.0128  0.0153  0.0175  0.0194  0.0212  0.0228  0.0245  0.0262  0.0278  0.0292  0.0305  0.0317  0.0333  0.0367  0.0481

=== BRIER vs FN at FP=0.01 (final-step mean across splits; lower = better) ===
family                        0.00    0.05    0.10    0.15    0.20    0.25    0.30    0.35    0.40    0.45    0.50    0.55    0.60    0.65    0.70    0.75    0.80    0.85    0.90
----------------------------------------------------------------------------------------------------------------------------------------------------------------------------------
hidden_HO_T8                0.0077  0.0179  0.0266  0.0332  0.0382  0.0424  0.0465  0.0507  0.0549  0.0590  0.0630  0.0670  0.0709  0.0749  0.0788  0.0827  0.0868  0.0913  0.0981
nohidden_HO_T12             0.0088  0.0190  0.0285  0.0364  0.0419  0.0455  0.0487  0.0522  0.0560  0.0597  0.0635  0.0673  0.0711  0.0749  0.0789  0.0828  0.0869  0.0914  0.0983
nohidden_HO_T16             0.0088  0.0193  0.0284  0.0352  0.0400  0.0438  0.0476  0.0514  0.0553  0.0591  0.0629  0.0667  0.0706  0.0745  0.0786  0.0826  0.0869  0.0915  0.0981
nohidden_HO_T20             0.0098  0.0202  0.0284  0.0339  0.0385  0.0429  0.0471  0.0511  0.0551  0.0590  0.0630  0.0668  0.0707  0.0746  0.0786  0.0827  0.0871  0.0916  0.0979
nohidden_HO_T20_arcFT       0.0097  0.0226  0.0345  0.0426  0.0469  0.0489  0.0509  0.0532  0.0561  0.0591  0.0623  0.0656  0.0690  0.0727  0.0766  0.0809  0.0857  0.0915  0.1018
nohidden_HO_T20_mixFT       0.0072  0.0188  0.0283  0.0339  0.0379  0.0417  0.0455  0.0493  0.0530  0.0565  0.0601  0.0636  0.0672  0.0707  0.0743  0.0779  0.0818  0.0858  0.0916
nohidden_HO_T8              0.0081  0.0183  0.0275  0.0352  0.0410  0.0453  0.0489  0.0523  0.0562  0.0601  0.0640  0.0679  0.0718  0.0756  0.0794  0.0831  0.0870  0.0915  0.0989
nohidden_plain_T12          0.0148  0.0215  0.0279  0.0339  0.0395  0.0447  0.0496  0.0541  0.0585  0.0626  0.0666  0.0704  0.0741  0.0777  0.0813  0.0848  0.0886  0.0931  0.1007
nohidden_plain_T16          0.0132  0.0203  0.0269  0.0329  0.0384  0.0435  0.0482  0.0527  0.0570  0.0612  0.0652  0.0691  0.0730  0.0767  0.0805  0.0843  0.0882  0.0927  0.0996
nohidden_plain_T20          0.0120  0.0196  0.0265  0.0327  0.0382  0.0434  0.0481  0.0526  0.0568  0.0609  0.0650  0.0688  0.0727  0.0765  0.0804  0.0843  0.0883  0.0927  0.0994
nohidden_plain_T8           0.0123  0.0197  0.0266  0.0328  0.0386  0.0439  0.0489  0.0536  0.0581  0.0623  0.0663  0.0700  0.0737  0.0771  0.0805  0.0839  0.0877  0.0927  0.1017

=== NLL vs FN at FP=0.01 (final-step mean across splits; lower = better) ===
family                        0.00    0.05    0.10    0.15    0.20    0.25    0.30    0.35    0.40    0.45    0.50    0.55    0.60    0.65    0.70    0.75    0.80    0.85    0.90
----------------------------------------------------------------------------------------------------------------------------------------------------------------------------------
hidden_HO_T8                0.0376  0.0848  0.1198  0.1418  0.1556  0.1667  0.1783  0.1903  0.2027  0.2149  0.2272  0.2394  0.2517  0.2639  0.2762  0.2884  0.3014  0.3161  0.3411
nohidden_HO_T12             0.0474  0.0954  0.1354  0.1631  0.1765  0.1816  0.1874  0.1962  0.2070  0.2182  0.2297  0.2413  0.2532  0.2653  0.2777  0.2903  0.3037  0.3193  0.3454
nohidden_HO_T16             0.0461  0.0980  0.1362  0.1566  0.1659  0.1729  0.1822  0.1924  0.2036  0.2149  0.2265  0.2382  0.2504  0.2628  0.2758  0.2891  0.3032  0.3192  0.3451
nohidden_HO_T20             0.0493  0.1038  0.1351  0.1472  0.1569  0.1682  0.1803  0.1919  0.2035  0.2151  0.2268  0.2385  0.2506  0.2629  0.2757  0.2889  0.3031  0.3190  0.3433
nohidden_HO_T20_arcFT       0.0629  0.1547  0.2119  0.2246  0.2152  0.2027  0.2003  0.2038  0.2099  0.2172  0.2252  0.2339  0.2436  0.2544  0.2665  0.2799  0.2954  0.3156  0.3546
nohidden_HO_T20_mixFT       0.0428  0.1130  0.1536  0.1594  0.1599  0.1659  0.1751  0.1845  0.1943  0.2042  0.2142  0.2243  0.2347  0.2454  0.2564  0.2675  0.2795  0.2926  0.3128
nohidden_HO_T8              0.0373  0.0828  0.1193  0.1460  0.1630  0.1733  0.1821  0.1919  0.2036  0.2156  0.2278  0.2400  0.2522  0.2642  0.2762  0.2882  0.3011  0.3172  0.3457
nohidden_plain_T12          0.0556  0.0811  0.1048  0.1263  0.1463  0.1645  0.1812  0.1968  0.2115  0.2254  0.2386  0.2512  0.2634  0.2752  0.2870  0.2987  0.3113  0.3270  0.3560
nohidden_plain_T16          0.0490  0.0767  0.1017  0.1237  0.1432  0.1607  0.1766  0.1915  0.2056  0.2191  0.2322  0.2449  0.2574  0.2696  0.2821  0.2945  0.3077  0.3232  0.3494
nohidden_plain_T20          0.0448  0.0751  0.1011  0.1230  0.1424  0.1597  0.1755  0.1902  0.2041  0.2174  0.2304  0.2431  0.2557  0.2682  0.2810  0.2938  0.3074  0.3230  0.3490
nohidden_plain_T8           0.0484  0.0764  0.1014  0.1236  0.1438  0.1622  0.1790  0.1945  0.2091  0.2226  0.2352  0.2472  0.2586  0.2694  0.2801  0.2908  0.3033  0.3208  0.3529

